B17	3441	31/01/2020	535	519029355.05
1	69449427.96
11	6055831.55
1101	2086.95
110105	1286.95
110110	800.00
1102	6053744.60
110205	6053744.60
110210	0.00
110215	0.00
1103	0.00
12	28484344.90
1201	22713943.20
120105	22713943.20
120110	0.00
120115	0.00
120120	0.00
120125	0.00
120130	0.00
120135	0.00
120190	0.00
1202	5770401.70
120205	0.00
120210	0.00
120215	5770401.70
120220	0.00
120290	0.00
1203	0.00
120305	0.00
120310	0.00
120315	0.00
120320	0.00
120325	0.00
1204	0.00
120405	0.00
120410	0.00
120415	0.00
1205	0.00
120505	0.00
120510	0.00
1206	0.00
120605	0.00
120610	0.00
1299	0.00
129905	0.00
129910	0.00
129915	0.00
129920	0.00
129925	0.00
129930	0.00
129990	0.00
13	31037644.13
1301	27728688.65
1302	0.00
1303	354794.14
1304	1502286.03
1305	0.00
1306	0.00
1307	0.00
1308	0.00
1309	1946215.93
1310	0.00
1311	0.00
1312	42291.70
1399	-536632.32
139905	-489855.66
139910	0.00
139915	-46776.66
139990	0.00
14	3079641.58
1401	792070.80
140105	727700.82
140110	64369.98
140115	0.00
140120	0.00
140125	0.00
140130	0.00
1402	0.00
140205	0.00
140210	0.00
140215	0.00
1403	18029.33
140305	0.00
140310	17999.68
140390	29.65
1404	0.00
140405	0.00
140410	0.00
140415	0.00
140420	0.00
140425	0.00
140430	0.00
1405	2242607.65
140505	597925.57
140510	1644682.08
1490	26933.80
149005	0.00
149010	0.00
149015	0.00
149090	26933.80
1499	0.00
149905	0.00
149910	0.00
149915	0.00
149920	0.00
149990	0.00
15	429976.77
1501	149687.18
150105	0.00
150110	0.00
150115	0.00
150120	149687.18
1502	280289.59
150205	280289.59
150210	0.00
150299	0.00
1599	0.00
16	217654.82
1601	398107.00
160105	0.00
160110	398107.00
160115	0.00
1602	441229.84
160205	36715.07
160210	36297.99
160215	228582.03
160220	0.00
160290	139634.75
1699	-621682.02
169905	-215075.60
169910	-29312.89
169915	-29680.81
169920	-180181.37
169925	0.00
169990	-167431.35
17	0.00
1701	0.00
1702	0.00
1703	0.00
1704	0.00
1705	0.00
1790	0.00
1799	0.00
179905	0.00
179910	0.00
179915	0.00
179920	0.00
179990	0.00
19	144334.21
1901	0.00
190105	0.00
190110	0.00
190115	0.00
190120	0.00
190190	0.00
190199	0.00
1902	144334.21
190205	140421.64
190210	0.00
190290	3912.57
190299	0.00
1903	0.00
190305	0.00
190310	0.00
190315	0.00
190320	0.00
190325	0.00
190330	0.00
190335	0.00
1990	0.00
199005	0.00
199090	0.00
1999	0.00
199905	0.00
199990	0.00
2	63594567.49
21	55869349.73
2101	55869349.73
210105	48712849.45
210110	7156500.28
210115	0.00
210120	0.00
2102	0.00
210205	0.00
210210	0.00
210215	0.00
210220	0.00
210225	0.00
22	0.00
2201	0.00
220105	0.00
220110	0.00
220115	0.00
2202	0.00
220205	0.00
220210	0.00
220215	0.00
23	5328656.60
2301	5276073.46
230105	4469994.13
230110	0.00
230115	806079.33
2302	5240.92
230205	0.00
230210	5240.92
2303	0.00
230305	0.00
230390	0.00
2304	2384.78
230405	0.00
230410	2384.78
230490	0.00
2305	25161.24
2390	19796.20
239005	0.00
239010	15782.98
239015	0.00
239020	0.00
239025	3166.00
239030	0.00
239090	847.22
24	0.00
2401	0.00
2402	0.00
2403	0.00
2490	0.00
25	12319.46
2501	0.00
2502	6015.68
2503	6168.00
2504	135.78
2505	0.00
2506	0.00
2507	0.00
2590	0.00
29	2384241.70
2901	0.00
290105	0.00
290110	0.00
290115	0.00
290120	0.00
290190	0.00
2903	145509.37
290305	0.00
290310	145509.37
2904	20800.46
2990	2217931.87
299005	0.00
299090	2217931.87
3	5489466.77
31	0.00
3101	0.00
32	0.00
3201	0.00
3202	0.00
33	0.00
3301	0.00
3302	0.00
34	5489466.77
3401	5489466.77
3402	0.00
3403	0.00
3404	0.00
4	71938.40
41	0.00
4101	0.00
410105	0.00
410110	0.00
410115	0.00
410120	0.00
410125	0.00
410130	0.00
4102	0.00
410205	0.00
410210	0.00
410215	0.00
410220	0.00
410225	0.00
410230	0.00
4103	0.00
410305	0.00
410310	0.00
410315	0.00
410320	0.00
4104	0.00
410405	0.00
410410	0.00
410415	0.00
4105	0.00
410505	0.00
410510	0.00
410515	0.00
410520	0.00
410525	0.00
410530	0.00
43	25304.09
4301	25304.09
430105	19516.60
430110	0.00
430115	2184.55
430120	2380.15
430125	1142.04
430130	0.00
430135	0.00
430140	0.00
430145	0.00
430190	80.75
44	11649.44
4401	3134.48
440105	840.54
440110	0.00
440115	0.00
440120	0.00
440125	2000.00
440130	0.00
440190	293.94
4402	420.00
440205	120.00
440210	0.00
440215	300.00
440220	0.00
4403	473.00
440305	0.00
440310	88.00
440315	385.00
440320	0.00
440390	0.00
4404	543.50
440405	543.50
440410	0.00
440415	0.00
440420	0.00
440490	0.00
4405	6027.95
440505	70.00
440510	0.00
440515	5957.95
440520	0.00
4406	389.31
440605	0.00
440610	389.31
4407	661.20
440705	0.00
440710	185.00
440790	476.20
45	3301.59
4501	0.00
450105	0.00
450110	0.00
4502	1395.34
450205	0.00
450210	1395.34
4503	0.00
4504	1906.25
46	26921.38
4601	26921.38
460105	1386.08
460110	25535.30
460190	0.00
47	4761.90
4701	4111.73
470105	0.00
470110	1658.78
470115	183.25
470120	320.06
470125	1949.64
470130	0.00
4702	650.17
470205	0.00
470210	650.17
4703	0.00
470390	0.00
4704	0.00
470405	0.00
470410	0.00
470415	0.00
470490	0.00
4705	0.00
470505	0.00
470510	0.00
470515	0.00
470520	0.00
470590	0.00
4706	0.00
470605	0.00
470610	0.00
4707	0.00
470705	0.00
470710	0.00
470715	0.00
470720	0.00
470725	0.00
470790	0.00
4708	0.00
470805	0.00
470890	0.00
48	0.00
4801	0.00
4890	0.00
489005	0.00
489090	0.00
5	437332.10
51	437331.10
5101	186984.77
510105	147203.09
510110	39781.68
510115	0.00
510120	0.00
510125	0.00
510130	0.00
5102	232701.13
510205	219203.25
510210	0.00
510215	13497.88
5190	17645.20
52	0.00
5201	0.00
520105	0.00
520110	0.00
520115	0.00
520120	0.00
520125	0.00
520130	0.00
5202	0.00
520205	0.00
520210	0.00
520215	0.00
520220	0.00
520225	0.00
520230	0.00
5203	0.00
520305	0.00
520310	0.00
520315	0.00
5204	0.00
520405	0.00
520410	0.00
520415	0.00
520420	0.00
5205	0.00
5206	0.00
520605	0.00
520610	0.00
520615	0.00
520620	0.00
520625	0.00
520630	0.00
53	1.00
5301	0.00
5302	0.00
5303	0.00
5390	1.00
539005	0.00
539090	1.00
59	0.00
7	0.00
71	0.00
7101	0.00
710105	0.00
710110	0.00
710115	0.00
710190	0.00
7102	0.00
710205	0.00
710210	0.00
710215	0.00
710290	0.00
7103	0.00
710305	0.00
710310	0.00
710315	0.00
710390	0.00
7104	0.00
710405	0.00
710410	0.00
710415	0.00
710490	0.00
7105	0.00
710505	0.00
710510	0.00
710590	0.00
7190	0.00
72	0.00
7201	0.00
7202	0.00
7203	0.00
7204	0.00
7205	0.00
7290	0.00
73	0.00
7301	0.00
7302	0.00
7303	0.00
7304	0.00
7390	0.00
74	0.00
7401	0.00
740105	0.00
740110	0.00
740115	0.00
740120	0.00
740125	0.00
7402	0.00
740205	0.00
740208	0.00
740211	0.00
740214	0.00
740217	0.00
740220	0.00
740223	0.00
740226	0.00
740229	0.00
740232	0.00
740235	0.00
740238	0.00
740241	0.00
740244	0.00
740247	0.00
740250	0.00
740253	0.00
740256	0.00
7403	0.00
740305	0.00
740310	0.00
740315	0.00
740320	0.00
740390	0.00
7404	0.00
740405	0.00
740410	0.00
740415	0.00
740420	0.00
740425	0.00
740430	0.00
7490	0.00