B17	3441	30/04/2020	535	555249807.52
1	70581811.10
11	11245261.57
1101	4889.37
110105	4089.37
110110	800.00
1102	11240372.20
110205	11240372.20
110210	0.00
110215	0.00
1103	0.00
12	24573472.67
1201	14801589.62
120105	14801589.62
120110	0.00
120115	0.00
120120	0.00
120125	0.00
120130	0.00
120135	0.00
120190	0.00
1202	9771883.05
120205	0.00
120210	0.00
120215	9771883.05
120220	0.00
120290	0.00
1203	0.00
120305	0.00
120310	0.00
120315	0.00
120320	0.00
120325	0.00
1204	0.00
120405	0.00
120410	0.00
120415	0.00
1205	0.00
120505	0.00
120510	0.00
1206	0.00
120605	0.00
120610	0.00
1299	0.00
129905	0.00
129910	0.00
129915	0.00
129920	0.00
129925	0.00
129930	0.00
129990	0.00
13	30236910.10
1301	26859475.79
1302	0.00
1303	209706.53
1304	1787621.13
1305	0.00
1306	0.00
1307	0.00
1308	0.00
1309	1860130.24
1310	0.00
1311	0.00
1312	93749.61
1399	-573773.20
139905	-466252.92
139910	0.00
139915	-107520.28
139990	0.00
14	3737353.50
1401	268715.26
140105	110819.61
140110	157895.65
140115	0.00
140120	0.00
140125	0.00
140130	0.00
1402	0.00
140205	0.00
140210	0.00
140215	0.00
1403	15126.37
140305	0.00
140310	15096.72
140390	29.65
1404	0.00
140405	0.00
140410	0.00
140415	0.00
140420	0.00
140425	0.00
140430	0.00
1405	3422595.60
140505	920384.58
140510	2502211.02
1490	30916.27
149005	0.00
149010	0.00
149015	0.00
149090	30916.27
1499	0.00
149905	0.00
149910	0.00
149915	0.00
149920	0.00
149990	0.00
15	429976.77
1501	149687.18
150105	0.00
150110	0.00
150115	0.00
150120	149687.18
1502	280289.59
150205	280289.59
150210	0.00
150299	0.00
1599	0.00
16	203502.28
1601	398107.00
160105	0.00
160110	398107.00
160115	0.00
1602	441229.84
160205	36715.07
160210	36297.99
160215	228582.03
160220	0.00
160290	139634.75
1699	-635834.56
169905	-220051.94
169910	-29733.77
169915	-30636.70
169920	-186030.29
169925	0.00
169990	-169381.86
17	0.00
1701	0.00
1702	0.00
1703	0.00
1704	0.00
1705	0.00
1790	0.00
1799	0.00
179905	0.00
179910	0.00
179915	0.00
179920	0.00
179990	0.00
19	155334.21
1901	0.00
190105	0.00
190110	0.00
190115	0.00
190120	0.00
190190	0.00
190199	0.00
1902	155334.21
190205	151421.64
190210	0.00
190290	3912.57
190299	0.00
1903	0.00
190305	0.00
190310	0.00
190315	0.00
190320	0.00
190325	0.00
190330	0.00
190335	0.00
1990	0.00
199005	0.00
199090	0.00
1999	0.00
199905	0.00
199990	0.00
2	69234923.08
21	64905263.27
2101	64905263.27
210105	52432189.34
210110	7665078.21
210115	0.00
210120	4807995.72
2102	0.00
210205	0.00
210210	0.00
210215	0.00
210220	0.00
210225	0.00
22	0.00
2201	0.00
220105	0.00
220110	0.00
220115	0.00
2202	0.00
220205	0.00
220210	0.00
220215	0.00
23	1171675.04
2301	1089578.35
230105	0.00
230110	0.00
230115	1089578.35
2302	5240.92
230205	0.00
230210	5240.92
2303	0.00
230305	0.00
230390	0.00
2304	3313.05
230405	0.00
230410	3313.05
230490	0.00
2305	30879.99
2390	42662.73
239005	0.00
239010	32807.80
239015	0.00
239020	0.00
239025	3166.00
239030	0.00
239090	6688.93
24	0.00
2401	0.00
2402	0.00
2403	0.00
2490	0.00
25	19465.28
2501	0.06
2502	12679.26
2503	6650.18
2504	135.78
2505	0.00
2506	0.00
2507	0.00
2590	0.00
29	3138519.49
2901	0.00
290105	0.00
290110	0.00
290115	0.00
290120	0.00
290190	0.00
2903	152509.37
290305	0.00
290310	152509.37
2904	62768.00
2990	2923242.12
299005	0.00
299090	2923242.12
3	0.00
31	0.00
3101	0.00
32	0.00
3201	0.00
3202	0.00
33	0.00
3301	0.00
3302	0.00
34	0.00
3401	0.00
3402	0.00
3403	0.00
3404	0.00
4	332690.30
41	0.00
4101	0.00
410105	0.00
410110	0.00
410115	0.00
410120	0.00
410125	0.00
410130	0.00
4102	0.00
410205	0.00
410210	0.00
410215	0.00
410220	0.00
410225	0.00
410230	0.00
4103	0.00
410305	0.00
410310	0.00
410315	0.00
410320	0.00
4104	0.00
410405	0.00
410410	0.00
410415	0.00
4105	0.00
410505	0.00
410510	0.00
410515	0.00
410520	0.00
410525	0.00
410530	0.00
43	145818.74
4301	145818.74
430105	78066.40
430110	2117.27
430115	8948.65
430120	9777.94
430125	4860.19
430130	39615.44
430135	2352.10
430140	0.00
430145	0.00
430190	80.75
44	44648.95
4401	12035.93
440105	3975.06
440110	0.00
440115	0.00
440120	1.80
440125	6080.00
440130	29.39
440190	1949.68
4402	420.00
440205	120.00
440210	0.00
440215	300.00
440220	0.00
4403	522.55
440305	0.00
440310	137.55
440315	385.00
440320	0.00
440390	0.00
4404	543.50
440405	543.50
440410	0.00
440415	0.00
440420	0.00
440490	0.00
4405	28168.46
440505	3570.00
440510	0.00
440515	24598.46
440520	0.00
4406	870.11
440605	46.80
440610	823.31
4407	2088.40
440705	0.00
440710	185.00
440790	1903.40
45	19053.44
4501	0.00
450105	0.00
450110	0.00
4502	11428.44
450205	0.00
450210	11428.44
4503	0.00
4504	7625.00
46	33436.36
4601	33436.36
460105	7901.06
460110	25535.30
460190	0.00
47	79658.06
4701	16313.76
470105	0.00
470110	6635.12
470115	604.13
470120	1275.95
470125	7798.56
470130	0.00
4702	2600.68
470205	0.00
470210	2600.68
4703	0.00
470390	0.00
4704	60743.62
470405	0.00
470410	0.00
470415	0.00
470490	60743.62
4705	0.00
470505	0.00
470510	0.00
470515	0.00
470520	0.00
470590	0.00
4706	0.00
470605	0.00
470610	0.00
4707	0.00
470705	0.00
470710	0.00
470715	0.00
470720	0.00
470725	0.00
470790	0.00
4708	0.00
470805	0.00
470890	0.00
48	10074.75
4801	0.00
4890	10074.75
489005	0.00
489090	10074.75
5	1679578.32
51	1655506.47
5101	584561.30
510105	390786.50
510110	193774.80
510115	0.00
510120	0.00
510125	0.00
510130	0.00
5102	911442.66
510205	859846.44
510210	0.00
510215	51596.22
5190	159502.51
52	0.00
5201	0.00
520105	0.00
520110	0.00
520115	0.00
520120	0.00
520125	0.00
520130	0.00
5202	0.00
520205	0.00
520210	0.00
520215	0.00
520220	0.00
520225	0.00
520230	0.00
5203	0.00
520305	0.00
520310	0.00
520315	0.00
5204	0.00
520405	0.00
520410	0.00
520415	0.00
520420	0.00
5205	0.00
5206	0.00
520605	0.00
520610	0.00
520615	0.00
520620	0.00
520625	0.00
520630	0.00
53	24071.85
5301	0.00
5302	0.00
5303	0.00
5390	24071.85
539005	23602.74
539090	469.11
59	0.00
7	0.00
71	3804944.08
7101	3727696.63
710105	0.00
710110	0.00
710115	3444642.62
710190	283054.01
7102	77247.45
710205	77247.45
710210	0.00
710215	0.00
710290	0.00
7103	0.00
710305	0.00
710310	0.00
710315	0.00
710390	0.00
7104	0.00
710405	0.00
710410	0.00
710415	0.00
710490	0.00
7105	0.00
710505	0.00
710510	0.00
710590	0.00
7190	0.00
72	3804944.08
7201	3727696.63
7202	77247.45
7203	0.00
7204	0.00
7205	0.00
7290	0.00
73	0.00
7301	0.00
7302	0.00
7303	0.00
7304	0.00
7390	0.00
74	0.00
7401	0.00
740105	0.00
740110	0.00
740115	0.00
740120	0.00
740125	0.00
7402	0.00
740205	0.00
740208	0.00
740211	0.00
740214	0.00
740217	0.00
740220	0.00
740223	0.00
740226	0.00
740229	0.00
740232	0.00
740235	0.00
740238	0.00
740241	0.00
740244	0.00
740247	0.00
740250	0.00
740253	0.00
740256	0.00
7403	0.00
740305	0.00
740310	0.00
740315	0.00
740320	0.00
740390	0.00
7404	0.00
740405	0.00
740410	0.00
740415	0.00
740420	0.00
740425	0.00
740430	0.00
7490	0.00