B17	3441	28/02/2019	535	542914182.11
1	72615192.77
11	3199763.47
1101	1218.00
110105	430.00
110110	788.00
1102	3198545.47
110205	3198545.47
110210	0.00
110215	0.00
1103	0.00
12	31106886.07
1201	31106886.07
120105	31106886.07
120110	0.00
120115	0.00
120120	0.00
120125	0.00
120130	0.00
120135	0.00
120190	0.00
1202	0.00
120205	0.00
120210	0.00
120215	0.00
120220	0.00
120290	0.00
1203	0.00
120305	0.00
120310	0.00
120315	0.00
120320	0.00
120325	0.00
1204	0.00
120405	0.00
120410	0.00
120415	0.00
1205	0.00
120505	0.00
120510	0.00
1206	0.00
120605	0.00
120610	0.00
1299	0.00
129905	0.00
129910	0.00
129915	0.00
129920	0.00
129925	0.00
129930	0.00
129990	0.00
13	34503021.71
1301	30646203.37
1302	0.00
1303	235032.29
1304	2109887.42
1305	0.00
1306	0.00
1307	0.00
1308	0.00
1309	1903817.59
1310	0.00
1311	0.00
1312	193298.54
1399	-585217.50
139905	-558149.94
139910	0.00
139915	-27067.56
139990	0.00
14	3041551.99
1401	542389.13
140105	542389.13
140110	0.00
140115	0.00
140120	0.00
140125	0.00
140130	0.00
1402	0.00
140205	0.00
140210	0.00
140215	0.00
1403	19658.83
140305	0.00
140310	19629.18
140390	29.65
1404	0.00
140405	0.00
140410	0.00
140415	0.00
140420	0.00
140425	0.00
140430	0.00
1405	2459944.33
140505	677201.61
140510	1782742.72
1490	19559.70
149005	0.00
149010	0.00
149015	0.00
149090	19559.70
1499	0.00
149905	0.00
149910	0.00
149915	0.00
149920	0.00
149990	0.00
15	478020.85
1501	149687.18
150105	0.00
150110	0.00
150115	0.00
150120	149687.18
1502	328333.67
150205	328333.67
150210	0.00
150299	0.00
1599	0.00
16	234612.66
1601	398107.00
160105	0.00
160110	398107.00
160115	0.00
1602	405441.71
160205	31500.07
160210	35027.36
160215	214079.53
160220	0.00
160290	124834.75
1699	-568936.05
169905	-196829.02
169910	-27654.03
169915	-25926.65
169920	-158845.17
169925	0.00
169990	-159681.18
17	0.00
1701	0.00
1702	0.00
1703	0.00
1704	0.00
1705	0.00
1790	0.00
1799	0.00
179905	0.00
179910	0.00
179915	0.00
179920	0.00
179990	0.00
19	51336.02
1901	0.00
190105	0.00
190110	0.00
190115	0.00
190120	0.00
190190	0.00
190199	0.00
1902	51336.02
190205	48175.09
190210	0.00
190290	3160.93
190299	0.00
1903	0.00
190305	0.00
190310	0.00
190315	0.00
190320	0.00
190325	0.00
190330	0.00
190335	0.00
1990	0.00
199005	0.00
199090	0.00
1999	0.00
199905	0.00
199990	0.00
2	68079545.01
21	58016570.69
2101	58016570.69
210105	50229669.26
210110	7786901.43
210115	0.00
210120	0.00
2102	0.00
210205	0.00
210210	0.00
210215	0.00
210220	0.00
210225	0.00
22	0.00
2201	0.00
220105	0.00
220110	0.00
220115	0.00
2202	0.00
220205	0.00
220210	0.00
220215	0.00
23	6296819.45
2301	5495445.41
230105	4768206.57
230110	0.00
230115	727238.84
2302	5240.92
230205	0.00
230210	5240.92
2303	0.00
230305	0.00
230390	0.00
2304	6435.49
230405	0.00
230410	6435.49
230490	0.00
2305	6026.69
2390	783670.94
239005	0.00
239010	21821.59
239015	0.00
239020	0.00
239025	3166.00
239030	0.00
239090	758683.35
24	0.00
2401	0.00
2402	0.00
2403	0.00
2490	0.00
25	13961.39
2501	81.50
2502	7504.90
2503	5645.66
2504	135.78
2505	0.00
2506	0.00
2507	0.00
2590	593.55
29	3752193.48
2901	0.00
290105	0.00
290110	0.00
290115	0.00
290120	0.00
290190	0.00
2903	201107.61
290305	0.00
290310	201107.61
2904	55540.46
2990	3495545.41
299005	0.00
299090	3495545.41
3	3812265.52
31	0.00
3101	0.00
32	0.00
3201	0.00
3202	0.00
33	0.00
3301	0.00
3302	0.00
34	3812265.52
3401	3812265.52
3402	0.00
3403	0.00
3404	0.00
4	121514.86
41	0.00
4101	0.00
410105	0.00
410110	0.00
410115	0.00
410120	0.00
410125	0.00
410130	0.00
4102	0.00
410205	0.00
410210	0.00
410215	0.00
410220	0.00
410225	0.00
410230	0.00
4103	0.00
410305	0.00
410310	0.00
410315	0.00
410320	0.00
4104	0.00
410405	0.00
410410	0.00
410415	0.00
4105	0.00
410505	0.00
410510	0.00
410515	0.00
410520	0.00
410525	0.00
410530	0.00
43	50609.00
4301	50609.00
430105	36230.00
430110	0.00
430115	3997.59
430120	4390.74
430125	2086.67
430130	0.00
430135	0.00
430140	3904.00
430145	0.00
430190	0.00
44	38554.92
4401	7488.10
440105	1912.02
440110	0.00
440115	0.00
440120	0.00
440125	4000.00
440130	115.33
440190	1460.75
4402	1857.65
440205	1857.65
440210	0.00
440215	0.00
440220	0.00
4403	761.34
440305	0.00
440310	682.84
440315	78.50
440320	0.00
440390	0.00
4404	423.50
440405	423.50
440410	0.00
440415	0.00
440420	0.00
440490	0.00
4405	19632.56
440505	0.00
440510	0.00
440515	19632.56
440520	0.00
4406	94.48
440605	46.48
440610	48.00
4407	8297.29
440705	7296.67
440710	29.00
440790	971.62
45	12817.96
4501	0.00
450105	0.00
450110	0.00
4502	9372.30
450205	0.00
450210	9372.30
4503	0.00
4504	3445.66
46	8582.27
4601	8582.27
460105	8582.27
460110	0.00
460190	0.00
47	7836.11
4701	7287.44
470105	0.00
470110	3317.56
470115	352.44
470120	443.41
470125	3174.03
470130	0.00
4702	548.67
470205	0.00
470210	548.67
4703	0.00
470390	0.00
4704	0.00
470405	0.00
470410	0.00
470415	0.00
470490	0.00
4705	0.00
470505	0.00
470510	0.00
470515	0.00
470520	0.00
470590	0.00
4706	0.00
470605	0.00
470610	0.00
4707	0.00
470705	0.00
470710	0.00
470715	0.00
470720	0.00
470725	0.00
470790	0.00
4708	0.00
470805	0.00
470890	0.00
48	3114.60
4801	0.00
4890	3114.60
489005	0.00
489090	3114.60
5	844897.10
51	844895.06
5101	326490.71
510105	326490.71
510110	0.00
510115	0.00
510120	0.00
510125	0.00
510130	0.00
5102	518404.35
510205	488389.85
510210	0.00
510215	30014.50
5190	0.00
52	0.00
5201	0.00
520105	0.00
520110	0.00
520115	0.00
520120	0.00
520125	0.00
520130	0.00
5202	0.00
520205	0.00
520210	0.00
520215	0.00
520220	0.00
520225	0.00
520230	0.00
5203	0.00
520305	0.00
520310	0.00
520315	0.00
5204	0.00
520405	0.00
520410	0.00
520415	0.00
520420	0.00
5205	0.00
5206	0.00
520605	0.00
520610	0.00
520615	0.00
520620	0.00
520625	0.00
520630	0.00
53	2.04
5301	0.00
5302	0.00
5303	0.00
5390	2.04
539005	0.00
539090	2.04
59	0.00
7	0.00
71	0.00
7101	0.00
710105	0.00
710110	0.00
710115	0.00
710190	0.00
7102	0.00
710205	0.00
710210	0.00
710215	0.00
710290	0.00
7103	0.00
710305	0.00
710310	0.00
710315	0.00
710390	0.00
7104	0.00
710405	0.00
710410	0.00
710415	0.00
710490	0.00
7105	0.00
710505	0.00
710510	0.00
710590	0.00
7190	0.00
72	0.00
7201	0.00
7202	0.00
7203	0.00
7204	0.00
7205	0.00
7290	0.00
73	0.00
7301	0.00
7302	0.00
7303	0.00
7304	0.00
7390	0.00
74	0.00
7401	0.00
740105	0.00
740110	0.00
740115	0.00
740120	0.00
740125	0.00
7402	0.00
740205	0.00
740208	0.00
740211	0.00
740214	0.00
740217	0.00
740220	0.00
740223	0.00
740226	0.00
740229	0.00
740232	0.00
740235	0.00
740238	0.00
740241	0.00
740244	0.00
740247	0.00
740250	0.00
740253	0.00
740256	0.00
7403	0.00
740305	0.00
740310	0.00
740315	0.00
740320	0.00
740390	0.00
7404	0.00
740405	0.00
740410	0.00
740415	0.00
740420	0.00
740425	0.00
740430	0.00
7490	0.00