B17	3441	31/01/2019	535	527865365.05
1	70830263.45
11	2651119.71
1101	2688.00
110105	1900.00
110110	788.00
1102	2648431.71
110205	2648431.71
110210	0.00
110215	0.00
1103	0.00
12	30500755.61
1201	30500755.61
120105	30500755.61
120110	0.00
120115	0.00
120120	0.00
120125	0.00
120130	0.00
120135	0.00
120190	0.00
1202	0.00
120205	0.00
120210	0.00
120215	0.00
120220	0.00
120290	0.00
1203	0.00
120305	0.00
120310	0.00
120315	0.00
120320	0.00
120325	0.00
1204	0.00
120405	0.00
120410	0.00
120415	0.00
1205	0.00
120505	0.00
120510	0.00
1206	0.00
120605	0.00
120610	0.00
1299	0.00
129905	0.00
129910	0.00
129915	0.00
129920	0.00
129925	0.00
129930	0.00
129990	0.00
13	34683629.03
1301	31000477.07
1302	0.00
1303	311273.03
1304	1836099.90
1305	0.00
1306	0.00
1307	0.00
1308	0.00
1309	2030266.80
1310	0.00
1311	0.00
1312	90729.73
1399	-585217.50
139905	-558149.94
139910	0.00
139915	-27067.56
139990	0.00
14	2247923.82
1401	691618.33
140105	691618.33
140110	0.00
140115	0.00
140120	0.00
140125	0.00
140130	0.00
1402	0.00
140205	0.00
140210	0.00
140215	0.00
1403	20507.22
140305	0.00
140310	20477.57
140390	29.65
1404	0.00
140405	0.00
140410	0.00
140415	0.00
140420	0.00
140425	0.00
140430	0.00
1405	1510326.91
140505	427003.59
140510	1083323.32
1490	25471.36
149005	0.00
149010	0.00
149015	0.00
149090	25471.36
1499	0.00
149905	0.00
149910	0.00
149915	0.00
149920	0.00
149990	0.00
15	478020.85
1501	149687.18
150105	0.00
150110	0.00
150115	0.00
150120	149687.18
1502	328333.67
150205	328333.67
150210	0.00
150299	0.00
1599	0.00
16	217478.41
1601	398107.00
160105	0.00
160110	398107.00
160115	0.00
1602	384135.71
160205	31500.07
160210	27373.36
160215	208027.53
160220	0.00
160290	117234.75
1699	-564764.30
169905	-195170.24
169910	-27477.81
169915	-25598.64
169920	-157174.10
169925	0.00
169990	-159343.51
17	0.00
1701	0.00
1702	0.00
1703	0.00
1704	0.00
1705	0.00
1790	0.00
1799	0.00
179905	0.00
179910	0.00
179915	0.00
179920	0.00
179990	0.00
19	51336.02
1901	0.00
190105	0.00
190110	0.00
190115	0.00
190120	0.00
190190	0.00
190199	0.00
1902	51336.02
190205	48175.09
190210	0.00
190290	3160.93
190299	0.00
1903	0.00
190305	0.00
190310	0.00
190315	0.00
190320	0.00
190325	0.00
190330	0.00
190335	0.00
1990	0.00
199005	0.00
199090	0.00
1999	0.00
199905	0.00
199990	0.00
2	66638225.66
21	58191469.43
2101	58191469.43
210105	50352099.58
210110	7839369.85
210115	0.00
210120	0.00
2102	0.00
210205	0.00
210210	0.00
210215	0.00
210220	0.00
210225	0.00
22	0.00
2201	0.00
220105	0.00
220110	0.00
220115	0.00
2202	0.00
220205	0.00
220210	0.00
220215	0.00
23	6352257.42
2301	5546783.44
230105	4818209.23
230110	0.00
230115	728574.21
2302	5240.92
230205	0.00
230210	5240.92
2303	0.00
230305	0.00
230390	0.00
2304	2621.11
230405	0.00
230410	2621.11
230490	0.00
2305	24732.84
2390	772879.11
239005	0.00
239010	13035.62
239015	0.00
239020	0.00
239025	3166.00
239030	0.00
239090	756677.49
24	0.00
2401	0.00
2402	0.00
2403	0.00
2490	0.00
25	12684.99
2501	0.00
2502	5523.62
2503	5912.31
2504	135.78
2505	0.00
2506	0.00
2507	0.00
2590	1113.28
29	2081813.82
2901	0.00
290105	0.00
290110	0.00
290115	0.00
290120	0.00
290190	0.00
2903	201107.61
290305	0.00
290310	201107.61
2904	55540.46
2990	1825165.75
299005	0.00
299090	1825165.75
3	3812265.52
31	0.00
3101	0.00
32	0.00
3201	0.00
3202	0.00
33	0.00
3301	0.00
3302	0.00
34	3812265.52
3401	3812265.52
3402	0.00
3403	0.00
3404	0.00
4	49850.71
41	0.00
4101	0.00
410105	0.00
410110	0.00
410115	0.00
410120	0.00
410125	0.00
410130	0.00
4102	0.00
410205	0.00
410210	0.00
410215	0.00
410220	0.00
410225	0.00
410230	0.00
4103	0.00
410305	0.00
410310	0.00
410315	0.00
410320	0.00
4104	0.00
410405	0.00
410410	0.00
410415	0.00
4105	0.00
410505	0.00
410510	0.00
410515	0.00
410520	0.00
410525	0.00
410530	0.00
43	23182.59
4301	23182.59
430105	18010.00
430110	0.00
430115	1983.48
430120	2177.01
430125	1012.10
430130	0.00
430135	0.00
430140	0.00
430145	0.00
430190	0.00
44	12779.60
4401	3967.29
440105	888.84
440110	0.00
440115	0.00
440120	0.00
440125	2000.00
440130	93.33
440190	985.12
4402	0.00
440205	0.00
440210	0.00
440215	0.00
440220	0.00
4403	547.05
440305	0.00
440310	547.05
440315	0.00
440320	0.00
440390	0.00
4404	423.50
440405	423.50
440410	0.00
440415	0.00
440420	0.00
440490	0.00
4405	7307.95
440505	0.00
440510	0.00
440515	7307.95
440520	0.00
4406	48.00
440605	0.00
440610	48.00
4407	485.81
440705	0.00
440710	0.00
440790	485.81
45	5693.93
4501	0.00
450105	0.00
450110	0.00
4502	4216.04
450205	0.00
450210	4216.04
4503	0.00
4504	1477.89
46	2597.63
4601	2597.63
460105	2597.63
460110	0.00
460190	0.00
47	3664.36
4701	3453.36
470105	0.00
470110	1658.78
470115	176.22
470120	115.40
470125	1502.96
470130	0.00
4702	211.00
470205	0.00
470210	211.00
4703	0.00
470390	0.00
4704	0.00
470405	0.00
470410	0.00
470415	0.00
470490	0.00
4705	0.00
470505	0.00
470510	0.00
470515	0.00
470520	0.00
470590	0.00
4706	0.00
470605	0.00
470610	0.00
4707	0.00
470705	0.00
470710	0.00
470715	0.00
470720	0.00
470725	0.00
470790	0.00
4708	0.00
470805	0.00
470890	0.00
48	1932.60
4801	0.00
4890	1932.60
489005	0.00
489090	1932.60
5	429622.98
51	429620.94
5101	168322.31
510105	168322.31
510110	0.00
510115	0.00
510120	0.00
510125	0.00
510130	0.00
5102	261298.63
510205	246336.77
510210	0.00
510215	14961.86
5190	0.00
52	0.00
5201	0.00
520105	0.00
520110	0.00
520115	0.00
520120	0.00
520125	0.00
520130	0.00
5202	0.00
520205	0.00
520210	0.00
520215	0.00
520220	0.00
520225	0.00
520230	0.00
5203	0.00
520305	0.00
520310	0.00
520315	0.00
5204	0.00
520405	0.00
520410	0.00
520415	0.00
520420	0.00
5205	0.00
5206	0.00
520605	0.00
520610	0.00
520615	0.00
520620	0.00
520625	0.00
520630	0.00
53	2.04
5301	0.00
5302	0.00
5303	0.00
5390	2.04
539005	0.00
539090	2.04
59	0.00
7	0.00
71	0.00
7101	0.00
710105	0.00
710110	0.00
710115	0.00
710190	0.00
7102	0.00
710205	0.00
710210	0.00
710215	0.00
710290	0.00
7103	0.00
710305	0.00
710310	0.00
710315	0.00
710390	0.00
7104	0.00
710405	0.00
710410	0.00
710415	0.00
710490	0.00
7105	0.00
710505	0.00
710510	0.00
710590	0.00
7190	0.00
72	0.00
7201	0.00
7202	0.00
7203	0.00
7204	0.00
7205	0.00
7290	0.00
73	0.00
7301	0.00
7302	0.00
7303	0.00
7304	0.00
7390	0.00
74	0.00
7401	0.00
740105	0.00
740110	0.00
740115	0.00
740120	0.00
740125	0.00
7402	0.00
740205	0.00
740208	0.00
740211	0.00
740214	0.00
740217	0.00
740220	0.00
740223	0.00
740226	0.00
740229	0.00
740232	0.00
740235	0.00
740238	0.00
740241	0.00
740244	0.00
740247	0.00
740250	0.00
740253	0.00
740256	0.00
7403	0.00
740305	0.00
740310	0.00
740315	0.00
740320	0.00
740390	0.00
7404	0.00
740405	0.00
740410	0.00
740415	0.00
740420	0.00
740425	0.00
740430	0.00
7490	0.00